10
300
0.831001
-0.485423
0.082618
-0.322640
-0.425661
-0.588724
0.411010
0.039284
-0.186932
-0.342860
-0.185685
-0.711320
-0.701520
-1.092276
-0.776672
-0.584533
-0.133731
-0.173489
0.048737
-0.584122
-0.334797
-0.317432
0.098931
0.068420
0.255312
-0.362681
-0.956488
-0.274863
0.541205
-0.877608
0.135487
-0.521783
0.039641
-0.458365
-0.656834
-0.499867
-0.405909
1.628749
-0.101688
0.850133
2.107786
-0.270634
-0.586933
-0.232143
-0.422329
1.089926
0.779332
-0.360048
-0.621257
0.100846
-1.197748
0.111595
0.092313
0.090906
0.103955
-0.554807
-0.090647
-0.344637
0.023804
-0.200317
-0.378446
-0.726950
0.113107
2.182444
-0.288400
0.095650
0.215760
-0.219958
0.179934
0.077753
0.138332
0.042773
-0.695380
-0.235808
-0.566181
0.187060
-0.227787
-0.313136
-0.282488
-0.002317
-0.173277
-0.046234
0.094141
-0.074713
-0.364063
-0.023948
-0.240507
-1.438241
0.234373
0.170884
-0.119331
-0.515536
-0.382702
0.070693
-0.338313
0.212268
-0.305020
-0.333314
-0.239502
-0.449197
0.053457
-0.787799
-0.676900
-0.250523
-1.799890
0.515554
-0.068691
0.091800
-0.788075
-0.665182
0.069353
-0.719377
0.557427
0.011251
0.112573
-0.828503
-0.002398
-0.223865
-0.435941
-0.415639
-0.566270
0.849257
-0.142650
-0.266398
0.140904
-0.057087
-0.776440
-0.499889
1.357536
-0.103974
-1.813850
0.286335
0.201707
-0.275087
-0.321422
-0.129873
-0.408666
-0.711984
-0.245806
0.041791
-0.034929
0.772019
1.627050
-0.238989
-0.039074
0.081361
-0.016176
0.057161
-0.251075
-0.578546
-0.082004
1.549066
0.164996
-0.883539
1.090756
1.149795
-0.514266
-0.444349
-0.012688
-0.214899
-0.286422
0.001623
-0.447971
-0.313314
-0.458488
-0.521227
-0.397204
0.477011
-0.089915
-0.019208
-0.337343
-0.376353
-0.155195
-0.105517
-0.283920
-0.515398
0.020370
0.580270
-0.563092
-0.331494
-0.449198
0.494342
0.144950
-0.288978
0.211886
-0.797346
0.065129
1.403585
-0.262073
-0.552805
-0.529426
-0.599898
-0.610147
-0.212677
-0.199570
-0.170074
-0.173548
-0.645536
-0.017158
-0.315814
-0.500850
-0.255923
0.134736
-0.512495
-0.212678
-0.385888
-0.266455
-0.438996
-0.205417
-0.014573
-0.852332
-0.338751
0.394001
-0.125499
-0.218374
-0.789065
-0.095976
-0.332179
0.398083
-0.298572
-1.017559
-0.731752
0.173412
0.468185
-0.323232
-0.399555
-0.011465
0.231529
-0.319053
0.007883
-0.340069
-0.154131
0.165493
-0.571575
0.755972
-0.036771
-0.534525
-0.524221
-0.018453
-0.045029
1.323811
-0.277436
2.063053
0.483125
0.280082
-0.299486
-0.662398
-0.203979
-0.146584
-1.179990
-0.389953
-0.960475
-0.032158
-0.525205
-0.831159
-0.645616
-0.036387
-0.174897
-0.422464
0.134530
0.234940
-0.015984
0.058519
-0.309269
0.258796
-0.310341
0.070822
-0.168422
-1.305858
-0.092800
0.118214
-0.243985
-0.512183
0.149829
-0.356173
-0.458177
-0.089047
-0.117442
-0.125060
-0.021841
0.140047
0.046610
0.093137
0.271757
-0.434016
0.004687
-0.412098
-0.208883
-0.109262
-0.811944
-0.146613
0.029934
0.189225
0.029468
0.295591
-0.004565
-0.550210
-0.874214
-0.013447
-0.067941
-0.444964
0.009455
-0.863235
-0.137054
0.206305
-0.381697
-0.002357
0.107226
1.019486
-0.294911
-0.335650
-0.087325
-0.332149
-0.397937
0.123862
-0.523421
-0.307597
-0.802253
-0.541475
0.325845
-0.281416
-0.406348
-0.187874
-0.250052
-0.249110
-0.787697
-0.740351
0.189566
-0.380820
-0.067878
0.695064
-0.188159
-0.821899
-0.017537
-0.314133
0.244087
-0.241876
-0.444525
-0.103316
-0.160358
-0.384892
-0.426548
-0.404457
-0.105062
-0.378793
-0.292676
-0.227375
0.030716
-0.017201
-0.010103
-0.140387
-0.049526
-0.032099
-0.033560
0.477251
-0.388412
-0.396501
-0.238951
-0.326425
-0.188973
-0.422741
-0.336757
-0.308974
-0.313251
-0.347464
0.060023
1.091738
0.212571
-0.039995
0.257205
-0.500781
0.634397
0.204770
0.248407
-0.124138
-0.186538
-0.343821
-0.368843
-0.505970
0.433024
-0.099685
-0.427889
-0.209492
-0.072609
-0.386107
-0.091048
0.377946
-0.960047
-0.465762
0.031078
-0.320031
-0.350767
-0.096325
-0.325772
-0.014306
0.376671
0.931820
0.065805
0.350831
-0.421921
-0.072870
0.107212
-0.519796
-0.769637
-1.292180
-0.685985
0.526978
0.684349
-0.220480
-0.256955
0.178351
-0.368714
-0.435339
-0.182424
0.392800
-0.187483
-0.588744
0.112999
-0.256901
-0.816577
-0.540499
-0.636823
0.868960
-0.435381
0.704389
0.022148
-0.352489
-0.143135
-0.367952
0.968721
-0.624533
-0.075646
0.534511
-0.120985
0.915374
-0.180015
-0.440677
-0.434008
-0.158940
0.055078
-0.131530
-0.357808
-1.232682
0.449186
0.011689
0.743929
-0.086074
0.198018
0.760868
0.272705
-0.293274
-0.712807
-0.049914
-0.230027
-0.294035
0.038492
0.795279
0.190827
-0.209319
-0.314026
0.282973
-0.125280
-0.352110
0.745220
-0.310194
-0.355764
-0.516006
-0.344014
-0.125305
0.626837
-0.225881
-0.131038
-0.307240
0.151840
-0.442531
0.600665
-0.126845
0.188545
0.389005
-0.138239
-0.065457
-0.343547
0.378921
-0.149011
-0.171853
-0.554745
0.389411
-0.346994
-0.390060
-0.010276
0.009134
-0.707835
-0.523815
-0.186041
-0.365799
-0.202680
0.788423
-0.151672
-0.046906
-0.205748
0.411007
-0.533698
0.244031
-0.232637
1.026660
-0.361046
-0.596852
-0.037218
-0.434030
-0.333411
-0.180163
0.032103
-0.087334
-0.202901
-0.356776
-0.439131
0.071742
-0.801919
0.131955
0.214878
-0.200998
-0.264252
-0.323329
-0.394016
0.462162
-0.463858
-0.090438
-0.294433
0.179140
-0.177086
0.287650
-0.073546
-0.190431
-0.512507
-0.135829
0.106786
-0.328436
0.586166
-0.376234
-0.323659
-0.187584
0.146707
-0.526917
-0.307560
-0.189323
-0.105148
-0.191555
0.508394
-0.497251
-0.555826
0.983417
-0.073965
0.459638
-0.918692
-0.983374
-0.437667
-0.132013
0.988083
-0.310891
-0.024268
-0.124289
-0.325256
-0.356063
-0.326104
0.205210
-0.253938
0.677425
-0.780591
-0.308558
-0.142278
-0.452322
-0.162059
-0.796248
-0.148962
-0.166522
0.190129
-0.329563
-0.163315
0.134748
-0.107430
-0.242431
0.621748
-0.205577
0.476412
-0.666513
0.021173
0.934265
0.120001
0.095679
-0.762346
0.082524
1.032631
-0.314458
-0.375224
-0.982452
-0.259275
-0.074765
-0.074095
-0.548514
0.321096
0.049286
-0.269372
-0.509310
-0.314639
-0.378833
1.325780
0.405606
-0.501116
-0.369977
-0.265155
-0.012792
-0.931210
-0.625648
-2.140280
-0.261136
-0.861567
0.811863
0.049072
0.387864
-0.216285
1.086999
-0.218862
-0.012955
-0.244278
-0.820993
1.782860
-0.437345
-0.381334
-0.057313
-0.978268
-1.154661
-0.966036
0.172201
-0.329523
0.479549
0.011506
-0.401609
0.423645
-0.365664
-0.024557
0.051723
-0.055116
0.260816
0.006226
0.304071
0.121859
-0.841078
1.557491
-0.074444
1.361521
-0.505484
-0.229416
-0.329016
-0.203377
-0.111491
0.903615
-0.194739
-0.320328
-0.441216
-0.220071
-0.028103
-0.729237
-0.062864
-0.722051
-0.377651
-0.057666
-0.490588
1.084466
-0.190723
-0.628151
-0.068288
-0.444182
0.004175
-0.928650
0.774405
0.084976
-0.268311
-0.332235
-0.648299
0.645370
-1.016239
-0.354988
0.061158
-0.122240
-0.371736
-0.290910
-0.269184
1.153442
-0.207529
0.044458
-0.246819
-0.583233
-0.606069
-0.112411
-0.838057
-0.069340
-0.038697
-0.309488
-0.866483
1.515830
-0.197749
1.736007
-1.442587
0.130455
-1.477730
-0.571877
-0.164008
-0.437904
-0.377503
-0.289007
-0.103672
-0.177964
-0.128653
-0.340107
-0.401555
-0.765773
-0.056067
0.113700
-0.428968
-0.192254
-0.115866
-1.073538
-0.293618
-0.317498
-0.146522
-0.180326
-0.296976
-1.033795
-0.512083
-0.475962
-0.253274
-0.738947
0.075338
-0.142311
-0.725669
0.105218
-0.471512
0.016524
-0.929363
0.297827
0.880434
0.807549
0.453332
-0.214015
-0.143030
-0.332821
-1.098932
-0.340906
0.045424
1.580154
0.468455
-0.656697
-0.086029
-0.387066
-0.709332
-0.894341
0.028341
-0.663173
-0.235759
-0.113599
-0.541031
-0.433731
-0.133030
-0.745752
-0.581355
-0.430696
0.666896
-1.301466
0.044722
-0.342250
-0.860303
0.069049
-0.172973
-0.355694
-0.253034
-1.367455
0.080118
-1.129026
-0.510044
-0.163554
-0.688014
-0.454195
-0.147578
-0.168871
0.112618
0.056769
0.456538
-0.284963
0.483982
-0.536825
-0.316997
-0.132144
-0.679962
-0.353494
-0.006652
-0.234878
0.021131
0.024145
-0.295861
-0.014077
-1.244109
0.447520
-0.275099
-1.037501
-0.648066
0.070885
-0.033171
-0.987599
0.532757
-0.399091
-0.272728
1.702151
-0.384459
-0.241474
-0.012357
-0.027066
0.134862
1.286621
-0.602869
0.347434
-1.099106
1.577247
0.062208
-0.714604
-0.267320
-0.484354
0.134808
-0.201188
-0.253300
-0.436927
-0.274837
0.926020
-1.096049
-0.059277
0.039411
-0.242099
-0.225587
-0.362916
-0.483878
-0.075808
-0.134242
-0.054244
-1.154670
-0.605091
-0.886053
-0.118949
0.105115
-0.030000
-0.683712
0.505244
0.361680
-0.268467
-0.185637
-0.804874
-0.642155
-0.027106
-0.343684
0.078958
0.090374
-0.090308
-0.285960
-0.344971
-0.368049
-0.108820
0.128016
0.660599
-0.503585
-0.509715
-0.549880
-0.264264
-0.628058
-0.268924
-0.301615
-0.228871
-0.078957
-0.647494
-0.541739
-0.203524
0.197932
0.132904
-1.039532
0.188546
-0.106643
-0.362299
-0.316572
-0.141655
0.235354
-0.237885
-0.234114
-0.327925
-0.102890
-0.158489
-0.040300
-0.046644
-0.571132
-0.193951
1.022170
-0.290340
0.494401
-0.280247
-0.846839
-0.168865
0.565133
-0.256808
-1.098060
-0.801126
-0.169684
0.142679
-0.503876
-0.509863
0.116452
-0.284291
-0.075917
-1.168741
0.968817
0.161916
-1.113398
0.312388
-1.697623
0.349400
-0.762823
-0.175463
-0.171740
0.473673
0.301003
-0.615459
-0.049218
1.944907
0.158683
-0.673077
-0.648649
-1.340863
-0.614676
0.870599
2.029467
-0.734484
-0.612948
-0.722463
-0.211728
-0.151425
-0.132108
-0.252141
-0.616089
-0.681687
0.748616
-0.630546
-0.668209
-0.456571
-0.486091
-0.677211
-0.543713
-0.112420
-0.126284
0.189074
-0.227194
-0.364902
-0.119362
-0.473407
1.106754
-0.213243
-0.088357
-0.499638
-0.071221
-0.394360
-0.375156
-0.473249
-0.113085
0.074824
-0.199055
-0.415437
-0.071202
-0.662677
0.330333
-0.673453
-0.533811
-0.258455
-0.801702
-0.475979
-0.617839
-0.487106
-0.484024
-0.194710
-0.130871
-0.129779
-0.443246
-0.289348
-0.538208
-0.872597
-0.394277
-0.165526
0.175551
-0.593717
-0.175173
-0.069567
0.051187
0.169017
-0.046652
0.237067
-0.789470
-0.460187
-0.233696
-0.830137
-0.504052
-0.344618
-1.684660
-1.871807
-0.245737
-0.013773
-0.987217
-0.403672
-0.063741
-0.518781
-1.132521
0.375004
0.423177
-0.166855
-0.249991
-0.348489
-0.174456
-0.042230
2.112588
-0.457988
0.017896
-0.161078
-0.650223
-0.308149
-0.396023
0.995605
-0.437905
-0.487406
0.480959
-0.378461
-0.319446
-0.526133
-0.734772
0.072527
-0.464970
-0.996657
0.606143
-0.006216
-0.764172
-1.000266
0.703320
-0.222780
-0.073066
-0.455850
-0.415757
0.014245
-0.320780
-1.317175
-1.027519
-1.654590
0.059090
0.107984
-0.419545
-0.885787
1.631819
0.228649
-0.306340
-0.284227
0.460106
0.496198
1.174900
-0.059498
-0.508270
-1.045816
-0.627641
0.885808
0.041082
-0.252447
-0.739848
0.205021
0.530671
0.218544
-0.106888
-0.449883
-0.348938
-0.509589
0.673800
-0.330785
-0.184382
-0.896435
0.221896
0.027435
0.559051
0.040775
0.425408
-1.027944
-0.586028
1.954131
-0.186092
-1.002796
0.885945
-0.278465
-0.121540
-0.183654
-0.292608
-0.826403
-0.195695
-0.225431
-1.149190
-0.464591
0.128129
-1.347077
-0.831972
-0.318966
-0.649273
0.158007
-0.086383
-0.115980
0.497699
-0.815142
-0.558353
0.002292
0.536435
-0.918148
-0.581336
-0.973471
-0.313398
-0.317606
1.497137
0.622878
0.006469
0.616085
-0.301973
-0.139910
-0.379806
0.223211
-0.085668
-0.649940
0.019447
-0.923755
0.216494
1.161638
-0.284143
0.147358
-0.059903
-0.601937
0.289090
-0.021338
-0.492809
-0.345689
0.545228
-0.548503
-0.295410
-0.260335
-0.175831
-0.271028
-1.347949
0.111259
-0.944716
-0.323136
0.599223
-1.387153
0.241197
-0.207555
-0.483744
-0.822113
-0.178266
0.112007
-0.356521
0.002685
0.335415
-0.231293
-0.316467
-0.938053
0.051333
0.039859
-0.475676
-0.199587
0.924223
0.183891
-0.384424
0.051818
-0.247090
0.576792
-0.098587
0.108023
0.051184
-0.113391
0.137261
0.494991
0.152269
0.260736
1.274550
-0.556242
-0.359108
2.146357
-0.485850
-0.624372
-0.018658
-0.671478
-0.293493
-0.276368
-0.586370
-0.678345
1.023881
-0.876386
-0.266247
-0.291217
0.772976
-0.346900
-0.522977
-0.329650
-0.706206
-1.329662
-0.344451
-0.334313
0.191532
-0.750946
-0.005122
0.651734
-0.570124
1.519879
0.004206
1.123003
-0.443304
-0.231593
-0.856111
-0.418977
-0.282316
0.471891
-0.185118
-1.516176
-0.270064
-0.182878
-1.739778
-0.305050
-0.530352
0.180785
-0.060476
0.232974
-0.265819
-0.799664
-0.575770
-0.420107
1.066762
0.083700
-0.489393
0.319420
-0.957810
-0.317851
0.351678
1.295618
1.145264
-0.270962
-0.497182
-0.585762
-0.507919
-0.194400
-1.858109
-0.378080
0.550484
-0.168863
-0.236501
0.051510
-0.194797
-0.009437
-0.770348
-0.172673
0.750546
-0.862469
-0.199958
-0.719851
-0.573131
-0.428923
-0.253595
-0.408696
0.583097
-0.132671
-0.257224
-0.028341
-0.369002
-0.158706
-0.416011
-0.685222
-0.233366
1.109038
0.510005
-0.216181
1.474633
-0.262886
0.026812
0.155754
-0.148276
0.097543
-0.123214
-1.759631
-0.794219
-0.208952
-0.250377
-0.387674
-0.554914
0.254730
0.189360
0.146726
-0.359480
0.346995
0.097950
0.417817
-0.020479
-0.651948
-0.401133
-0.168715
-2.274599
-0.865734
-0.336943
-0.195859
0.338868
0.446967
-0.359845
-0.606687
-0.999483
1.115195
0.136899
-0.483406
0.986576
0.079742
0.784850
-0.935182
-0.666309
-1.149060
-0.286191
-0.458988
-0.045056
-0.312421
-0.515820
-0.520447
-0.379502
-0.008346
-1.652096
0.944819
-0.394755
0.060700
0.194631
-0.311252
-0.914202
-0.329994
1.204654
-0.088311
1.190077
-0.213204
-1.202687
-0.048582
0.050490
-0.329782
-0.526579
0.059445
-0.253240
-0.583813
-0.947231
-0.475170
0.178093
-0.192039
-0.164619
-0.214251
-0.138608
1.635430
-0.219452
-0.419540
-0.029293
-0.216966
-0.392766
0.642879
0.786906
-0.711834
-0.149363
-1.475767
-0.187184
-0.033485
1.275267
0.033331
-0.086745
-0.311563
-0.113196
-0.287565
-0.281606
-0.607646
-0.233844
-0.040253
-0.187566
0.014893
-0.236012
-1.217107
-0.561218
-0.362109
-0.300747
0.240261
1.932587
1.005295
-0.153500
0.201713
-0.068891
-0.380466
-0.182881
0.895063
-0.319949
-0.964381
0.215748
0.188206
-0.292537
0.489901
-0.268117
0.383898
-0.214864
0.608440
2.214792
-0.016207
0.572842
1.264344
-0.373496
-0.279795
0.074810
0.040617
-1.082974
-0.471628
0.330387
-0.344081
0.193122
0.063617
-0.941449
-0.115825
0.016940
-0.600697
-0.340715
-0.502793
-0.165861
-0.026595
-0.091688
0.257129
-0.340245
-0.185215
-0.829059
-1.003657
-0.008669
-0.333138
-0.322451
-0.319141
-0.458132
-0.286729
-0.156198
-0.032882
-1.403197
-0.598515
0.205120
-0.092148
0.788369
-0.168554
0.260285
-1.840125
0.640926
0.332124
-0.506073
1.015692
-2.208840
-0.523904
-0.377164
0.488108
0.060581
-0.388131
-0.178435
0.197037
-0.268672
0.529922
-0.501998
-0.244687
0.344457
0.345292
-0.393518
-0.194719
0.208589
-0.295441
-0.654791
-0.235772
-0.177661
-0.236517
0.915857
-0.229940
-0.112804
-0.075671
0.604033
0.504247
-0.213106
0.059307
-0.775056
-0.118295
-0.328036
0.233707
-0.104314
-2.574728
-0.093751
0.294529
1.107306
-0.141957
-1.558639
-0.610741
-0.655315
0.094413
-0.640274
0.132374
-0.721609
0.323129
0.588038
-0.121827
1.482658
-0.458221
-0.194751
0.478026
0.020255
-0.300892
-0.420802
-0.387447
-0.273454
-0.102122
-0.346969
0.077452
-0.280869
0.060139
1.885925
-0.846456
-0.111279
-0.158009
0.669139
-1.475700
0.327154
-0.138583
-0.880473
-1.440126
0.928239
-0.943604
-0.190851
0.153542
-0.517967
0.227416
-0.182986
0.987725
-0.425420
-0.728743
0.859819
-0.506416
-0.447391
-0.197815
-0.529962
0.101615
-0.061901
-1.285330
-1.563289
-0.434095
-0.134652
-0.401879
-0.459170
-0.119624
-0.416328
0.013633
0.000642
-0.362818
-0.226406
-0.246652
0.460366
-0.159208
-0.216023
-0.431228
-0.248443
-1.140500
-0.216209
0.164792
0.033386
-0.635991
0.280273
0.404796
-0.411992
0.501285
-0.565652
0.217762
-0.557658
-0.423021
0.020840
-0.258219
0.308700
-0.066677
-0.053934
-0.207373
-0.305440
-0.329581
-0.010620
-0.063425
-0.016971
-0.810016
0.388751
-0.287326
0.058009
-0.260451
-0.874321
0.121705
-0.390842
0.212804
0.302338
0.057447
-0.741111
-0.162805
-0.276794
0.324715
-1.574016
0.140958
-1.841894
-1.599253
-0.112253
-0.155104
-0.863550
0.052213
-0.281398
-0.492699
1.184000
-0.116770
-0.321466
1.807289
1.520327
-0.116972
-0.337429
1.194987
0.338182
1.654806
-0.171689
-0.221925
-0.264051
-0.080177
-0.377125
0.101867
-1.514186
-0.133355
0.573812
0.232806
-0.321704
-0.397318
1.049020
0.200459
-0.094016
-1.409844
-0.864952
-0.111804
-0.958492
-1.345949
-0.871725
-0.156152
-0.281234
-0.300121
-0.822757
-0.275331
0.099080
-0.328845
-0.274978
0.363660
-0.030689
-0.316735
-1.388626
-0.706171
-2.068602
-0.375671
0.304726
0.155135
-0.506221
1.316983
-0.873935
0.490072
-0.287853
3.020791
0.133326
0.990503
-0.206912
-0.271402
0.369535
-0.184898
-0.429346
0.007061
-0.085771
-0.595528
-0.252482
1.605390
-0.209256
0.041180
-0.294002
0.254431
-0.033809
-0.429354
-0.550736
-0.143923
-0.165958
-1.943898
-0.425315
-0.743725
0.458462
0.100230
0.929419
-0.132636
-0.066285
-0.289125
-0.171547
-0.163064
-0.303005
0.004159
1.596727
-0.511589
0.189905
1.569555
0.329323
-0.322443
0.082926
-0.624867
-0.476154
-0.476513
0.881744
0.193535
0.212817
-0.164593
0.280334
0.321746
-0.375081
-0.569009
-0.173998
-0.474167
2.765262
-0.418118
-0.343252
1.190807
0.272054
0.814455
-0.332501
0.018196
-0.183430
-0.464259
-0.156863
-0.343044
-0.454168
-2.233279
-0.354087
-0.044818
-0.201541
-0.776259
0.598528
0.085479
-1.189694
-0.538238
-0.965606
0.637602
-0.240845
0.131354
-0.060840
0.044481
1.034772
-1.220281
-0.359501
-0.456805
-0.624168
0.743808
0.532597
0.206423
0.581772
0.722499
-0.112550
-0.269809
-0.219517
0.142787
0.603061
0.090099
-0.169684
-0.563177
-0.067584
0.129939
0.147598
-0.063144
-0.312305
0.146032
-0.363856
-0.006119
-0.288975
-0.342533
0.215093
-0.308830
-0.220494
-0.046849
-0.583625
-0.425730
-0.110389
0.952271
-0.733910
-0.059971
-0.206059
-0.544435
-0.197859
-0.340902
-0.107351
-0.048501
0.498913
-0.292798
-0.581026
-0.387567
-0.739192
0.193011
0.058527
-0.075481
0.056441
0.807794
-0.863222
-0.347912
-0.918219
-0.775621
-0.178984
0.200285
0.022020
0.038667
-0.266817
-0.776507
-1.001762
1.067038
0.067351
-2.258924
-0.478851
-0.264138
-0.293306
-0.366961
-0.673756
-0.264045
-0.476505
-0.558032
-0.478961
-0.686600
0.463685
-0.851521
-0.917164
-1.257959
-0.059358
0.175145
-0.530436
-0.664202
-0.841905
-0.014096
-0.067375
-0.319076
-0.091874
-0.454254
-0.970664
0.276339
-0.007744
-0.384009
0.078258
-0.262909
-0.145498
-0.568762
-0.184955
-0.278549
1.892049
0.035200
0.151233
0.236043
-0.511401
1.671184
-0.135587
0.124340
0.224917
0.065364
-0.554571
1.257890
-0.114369
-0.569388
-0.145103
-0.250884
0.041944
-0.157186
-0.414052
-0.468085
-0.117093
-0.275154
-0.369831
0.565520
-0.731782
0.967763
-0.088746
-0.796018
0.867800
-0.224402
0.729038
-0.103805
-0.312592
0.239588
-0.163980
-0.168004
-0.201733
1.642044
-0.871738
0.093828
0.101059
-0.307564
-0.150047
-0.490901
-0.028193
-0.125580
-0.062366
-0.200180
1.903755
-0.511589
0.188436
-0.952759
2.501403
-0.037394
-1.098250
-0.526731
-0.394264
0.111815
-0.459746
0.626653
0.008868
0.103367
0.919836
0.217665
-0.076462
-1.069399
-0.584018
-0.363434
-0.143426
-0.801531
-0.878681
-0.753993
0.070817
-0.300990
-0.228044
0.011378
0.041485
-0.550621
-0.417892
0.077333
-1.258465
0.000458
-0.332174
-0.598810
-0.014357
-0.237669
-0.294985
-0.628608
-0.212105
-0.148101
-1.381502
-0.222937
-0.674628
0.036825
-0.324822
0.024641
0.718752
-0.126430
-0.403120
0.044584
0.227547
0.105238
-0.201861
0.301161
-0.392725
0.550129
-0.447806
-0.723029
-0.361715
0.075523
-0.245957
-0.067365
-0.399156
-0.118909
-0.427605
-0.536190
0.066684
-0.376139
-0.209635
-0.014100
-0.090792
0.066817
-0.141259
-0.327178
-0.063979
-0.303388
-0.560250
0.376922
-0.072658
0.006366
-0.077930
-0.124378
-0.132483
-0.509348
-0.525869
-0.490363
-0.328922
-0.110128
-0.030273
-0.736090
-0.216111
2.092256
-0.281255
-0.235206
-0.351531
0.015908
0.031642
1.816736
-0.346084
-0.323531
1.673913
-0.133213
-0.379239
0.090806
-0.619953
-0.218116
0.479798
-0.431751
-0.754694
0.137346
0.132094
-0.873523
-0.159548
-0.146399
-1.180506
-0.247315
0.220823
0.471745
0.650899
-0.134677
-1.446272
-0.022671
0.021499
-0.606183
-0.277468
-0.605889
0.202011
0.008977
0.048531
0.480098
0.094965
-0.401988
1.627845
0.149042
-0.365361
0.975101
0.081840
-0.323871
-0.294923
-0.390704
-0.900162
-0.274939
-1.819339
-0.260897
-0.509369
-0.039918
0.197044
0.133163
-0.457299
0.112074
-0.279161
-0.777338
-0.718212
0.117058
-0.704376
-0.452274
-0.181820
-0.662185
0.066374
-0.095794
-0.215367
0.168994
0.226726
-0.270592
0.769658
-0.020154
-0.152894
-0.586025
-0.682550
-0.106009
-0.779365
-0.048745
-0.481872
0.104022
-0.170914
0.150919
-0.089647
-0.170682
0.214802
-0.115095
0.306810
-0.276846
0.064815
-0.078909
-0.465205
-0.359413
-0.538367
-0.224474
-0.101924
-0.611647
-0.236047
-0.120137
-0.425960
-0.287869
-1.050564
-0.382744
-0.893850
-0.496258
-0.673469
-0.091324
-1.124133
-0.115222
-0.708159
0.146521
0.121690
0.283601
-0.029910
0.083735
-0.497424
-0.167579
-0.340569
0.580796
-0.849321
-0.444529
-0.854554
0.076841
1.465080
-0.272112
-0.196471
-0.139212
0.018596
0.293230
-0.387103
0.800485
-0.178226
-0.205193
-1.343921
-0.643762
-0.865161
-0.540009
0.614681
-0.609714
-0.555323
0.297418
-0.106775
0.196379
-0.699283
0.392466
-0.225558
0.113053
-0.578518
0.046603
-1.012755
0.358927
-0.661081
-0.057125
-0.214048
0.295685
1.106207
0.243023
-0.953995
-0.089585
0.183872
-0.068198
-0.066031
-0.344526
-0.214017
0.506782
-0.690763
0.043364
-0.196463
0.173585
-0.045678
-0.455891
0.458056
0.939375
-0.234738
0.578849
0.229570
-0.254280
-0.189721
-0.143153
-0.565626
-0.834572
0.956272
-0.181919
0.841717
1.036073
-1.228221
-0.372143
-0.207434
-0.137881
-0.045145
0.022735
0.664778
-0.310740
-0.509928
-1.240065
-0.224144
0.326592
0.170782
0.607398
-0.031355
0.057874
0.157132
-0.061469
0.139964
0.097651
-0.271876
-0.428446
-0.259323
-0.063585
-0.289121
-0.702484
-1.772963
-1.435841
0.533535
-0.237520
0.373386
-0.588098
-0.150741
1.845515
-0.298844
-0.085837
0.103430
-0.102758
-0.283644
-0.419432
-0.032924
-0.874194
-0.506912
-0.408348
-0.102162
0.738755
-0.167747
0.026080
0.908068
-0.391335
-0.255344
0.020325
-1.118699
0.187848
-0.089761
0.961645
-0.173416
0.471984
0.894618
0.894543
-0.151575
-0.087786
-0.627077
-0.746905
-0.784283
0.997180
0.337948
-0.282440
-0.085273
-0.318247
-0.246539
-0.444391
-0.231000
-0.000616
0.281550
0.324983
0.081256
-0.640083
-0.563580
-0.426136
0.407060
0.185512
-0.239443
-0.539201
-0.474866
0.304087
-0.237053
0.198675
-0.549312
0.809535
-0.057295
0.131302
0.252812
-0.294511
0.083446
0.376248
0.552860
1.731024
-0.457131
-0.774933
0.428104
-0.004474
1.054472
-0.494585
0.140204
0.470282
-0.539388
0.982038
-0.146203
-0.379351
-0.964998
-0.547341
0.097364
-1.409182
0.402091
1.127916
0.699756
0.167641
-0.285918
-0.490688
0.166104
0.341883
-0.628297
-0.716344
0.365495
-0.625556
-0.376286
0.026335
-1.028355
-0.864470
0.212632
-1.218130
0.250470
0.726310
0.275758
0.360372
-0.101518
1.441730
0.173475
-0.624468
-0.035244
-0.267834
-0.600675
-0.207699
0.144349
-0.112301
-0.322070
0.954189
0.483602
0.299338
-0.223165
0.419993
-0.303177
-0.264099
-0.296762
-0.239099
0.084664
-0.151315
0.311578
-0.621351
-0.433970
-0.053889
-0.290592
-0.383634
0.755658
-0.247373
-0.032847
0.340074
-0.151880
-0.162662
-0.666818
-0.835902
-0.967815
-0.156830
-0.438917
-0.525023
-0.064169
0.636217
0.635412
0.199938
0.682353
-0.232773
0.189441
-0.324838
0.260248
0.327419
-0.534429
-0.474321
-0.217800
-0.265710
-1.391544
0.550894
0.046596
0.478542
-0.484795
-0.336869
-0.135424
-0.399350
-0.183679
0.245428
-0.213417
-0.300830
-0.537750
0.331906
0.308799
-0.032958
0.350070
1.008157
-0.430814
0.445900
0.442205
-0.431819
-0.242512
0.076330
-0.252653
1.002326
0.049768
0.861905
0.172325
-0.924091
-0.377364
-0.395433
-0.844422
-0.423633
-0.578739
-0.193360
-0.218933
-1.197246
0.213352
-0.149118
-0.586111
-0.362367
0.138170
-0.542603
-1.226181
-0.097936
-0.236109
-2.265562
-0.144164
-0.407217
-1.316622
-0.621068
-1.075563
-0.342501
-0.192524
0.089324
-0.789298
-0.678170
0.702550
-0.826972
-1.204170
-1.516049
-0.764371
1.800189
0.201126
0.141446
-0.286177
-0.810802
-0.162436
-0.431707
-0.252613
-0.011548
0.114274
0.172902
1.180063
-0.140401
-0.732809
-0.433948
-0.410172
-0.533514
-0.617547
-0.997983
-0.621281
-0.614763
0.382068
0.002879
-0.044176
-0.644040
-0.271015
0.047858
-1.610781
0.145709
-0.182493
-0.134323
0.220699
-0.343638
-0.301811
-0.234708
-0.344352
-1.252219
-0.851541
0.516110
-0.291930
0.531963
-0.160418
-0.268357
-0.863950
-0.947227
-0.373789
-0.635359
-0.436994
-0.220115
-1.038391
-0.023428
0.003143
-0.022921
-0.424440
-0.264376
0.274738
-1.499346
-0.596636
0.098199
-0.168843
-0.310554
-0.637001
0.186527
-0.366406
0.007543
-1.080338
0.088629
-0.229412
-1.166807
0.038099
-1.237760
-1.286537
-0.225849
2.173837
0.275423
-0.171318
-0.229174
-0.409840
-0.369873
0.186664
-0.828728
-1.639076
-0.455746
0.119189
-0.036898
-0.734392
-0.109864
-0.507448
-1.247904
-2.016939
-1.211138
-0.159043
0.251104
-0.204500
0.236547
-0.397214
-0.705257
-0.114852
-0.470359
1.938109
-0.062721
-0.485610
-0.542577
-0.505228
-0.261872
-0.630524
-1.097553
-0.398262
0.166710
-0.618064
-1.124668
-1.136662
-0.513882
0.157243
-0.498931
-0.573681
0.093876
-0.318599
-1.510217
-0.278772
-1.180962
-0.353415
-0.520981
-0.330018
-0.179869
-1.029136
-0.280349
-0.269700
-0.422060
-0.755117
-0.488336
-0.086090
-0.719202
0.034272
-1.536925
-0.366261
-1.136956
0.064596
-0.062048
0.005497
0.442711
-0.408646
-0.287390
-0.104638
-0.833311
0.231603
-0.680016
-0.653801
-0.109021
-0.240863
-0.193014
0.040672
-0.480395
-0.612314
-0.759391
-0.496833
-0.740221
-0.490498
-1.045351
-0.050186
-0.074107
-0.580662
-0.178888
-0.133032
0.086227
-0.471192
-0.811373
-0.133343
-0.151565
-1.341150
0.188257
0.027845
0.768923
-0.087162
-0.499628
-2.357766
-0.187664
-0.650836
0.206076
-1.175275
-0.574879
0.009163
-0.337305
2.341332
-0.505194
0.078553
-1.210172
-0.069809
-0.525190
-1.803676
0.144179
-0.116725
-1.214839
0.478578
-0.664302
0.096066
0.184779
-0.042179
-0.472036
0.039253
-0.778135
-0.763706
0.746214
-0.175476
-0.251836
0.082450
-0.782645
-0.457198
0.035818
-0.413724
-0.486123
-0.390785
-0.871799
-0.038022
-0.251119
-0.557014
-0.381864
-0.284369
-0.737117
-0.723862
1.229404
-0.760902
0.120019
-0.309626
-0.297644
-0.225150
-0.152987
-0.023977
-0.072271
-0.112788
-0.153213
-0.188735
-0.323897
-0.074713
0.162791
-0.486465
0.683263
1.661020
0.124966
0.021393
-0.175903
-0.091131
-0.266864
-0.074000
-0.442152
-0.346038
0.194774
0.011793
0.174525
1.413976
-0.645019
0.194397
-0.708193
-0.579689
-0.344486
-0.880786
-1.067005
-0.042114
-1.133268
0.048105
-0.665542
-0.054677
-0.070744
0.167723
-0.031249
-1.037732
1.522051
0.333380
-0.347323
1.138090
-0.564910
0.586882
-0.519120
-0.057473
-1.076215
-0.106685
-0.188819
-0.154355
0.464296
-0.187481
0.882386
1.415358
-1.025549
-0.133018
2.387637
-0.851048
-0.744617
-0.753876
-0.200691
-0.178365
-0.630256
-0.652023
-0.021898
-0.493570
-0.677996
-1.685583
-0.360494
-0.771098
1.990726
0.059538
-1.165724
-0.342723
0.346642
-0.354876
-0.006678
0.682989
-0.168692
-0.149271
-0.094665
-0.265085
-0.116224
-0.522309
-1.698861
-1.284494
-0.315009
-0.332650
-0.727185
-0.997378
-0.582124
-0.878181
0.482191
-0.165216
0.149748
-0.276674
-0.382601
-0.122553
-0.342888
-1.005603
-0.323250
-0.365338
-0.213170
0.036551
0.273643
-0.683093
0.205238
-0.287630
-0.382782
-0.348252
-0.181208
-0.524345
-0.092936
-0.341335
-1.006158
-0.560847
0.841448
-0.758837
-0.819358
0.389123
-0.318116
-2.173414
-0.346344
-0.318295
-0.165858
-0.694507
-0.222543
-0.103305
-1.019924
-0.370862
0.186191
-0.355894
-1.256610
1.209023
-0.582550
0.705031
-0.413531
0.093109
-0.277086
0.622562
-1.154691
0.054326
-0.871618
-1.010122
-0.293078
-0.552378
-0.575282
-0.365477
-0.097066
0.900120
0.404217
-0.385916
-1.461924
-0.745867
-0.602400
0.123560
-0.231519
-0.843609
0.086763
-0.572563
-0.935013
-0.885173
-0.917113
-0.176109
-0.451230
-0.274359
-0.128430
-1.436639
-0.359723
-0.088240
0.043777
0.470428
0.042271
-0.361717
-0.334816
-0.333278
-0.674056
-0.972567
1.802084
-1.416122
-0.083776
-0.292892
0.238004
-1.155847
-0.499004
-0.353230
-0.308057
0.123124
-0.402162
-0.297685
-0.061818
-0.993511
0.347646
-0.269627
0.039997
-0.074350
-0.160441
-0.388160
-1.082546
-0.645504
-0.060108
-0.251892
-0.342727
-0.316833
-0.569382
-0.275378
0.168823
-0.829370
-0.648268
0.153064
-0.364629
-0.717775
0.151030
-0.398255
-0.219802
-0.436770
-0.819511
-0.195814
-0.184301
-0.478500
-0.230096
-0.375520
0.483542
0.099731
0.992227
-0.020734
-0.669271
-0.271360
0.391813
-0.909942
-0.775075
-0.638470
0.019147
0.359961
-1.166988
-0.797613
-0.473330
-0.155575
-0.583467
-0.341508
-0.351228
-0.834598
-1.443551
-0.153448
-0.811545
-0.033138
-0.651104
-0.514266
0.807492
-1.125580
-0.778337
-0.427683
-0.520949
-0.187594
-0.400613
-1.334778
-2.092738
-0.235048
-0.158775
-0.153321
-0.307767
0.265868
-1.029943
0.156622
-0.174704
-0.322270
-1.459534
-0.478004
-0.387824
-0.347770
-0.761153
-0.046944
-0.489651
-0.389309
0.240132
-0.138625
-0.061117
0.315859
0.480310
-0.272243
-0.275869
-0.062853
-0.388309
-1.210724
1.044230
0.432760
-0.325489
-1.056395
-0.282801
0.196285
-0.890487
-0.056192
-0.746231
-0.083024
-1.263339
1.666449
-1.397497
-1.089089
-0.670489
-0.356247
-0.318683
-0.045160
-0.355928
-0.189652
-0.238180
-0.505373
-0.526630
-0.319176
-0.337189
0.556105
-0.522602
0.516842
-0.310334
-0.273197
-0.386757
-0.045146
-0.429735
-0.873315
0.007334
-0.161874
-0.086829
-1.299875
-0.642408
-0.255184
-0.352473
-0.919411
-1.086717
-0.155961
-0.217685
-0.171247
1.978683
-0.046873
-0.097375
-1.190231
-0.672953
0.375761
-1.161528
-0.886348
-0.829414
-0.027131
-0.231901
